realsense_static
franka_world
-0.08404517 -0.41463425 1.93455453
0.13151893 0.99131042 -0.00253572
0.73982539 -0.09985588 -0.66534742
-0.65981904 0.08562979 -0.74652955


original translation: -0.05251143 -0.53660798 0.9529178  

transformed translation: 0.95291789 -0.05251143 0.53660798

transformed rotation: 
-0.88561494  0.00502558  0.46439306
-0.46011431  0.12635522 -0.87882261
-0.06309508 -0.99197233 -0.10958972

original rotation:
0.09398036  0.99549272 -0.01272578
0.81035996 -0.08391573 -0.57989214
-0.57834629  0.04418601 -0.81459387



other original translation: -0.07344859 -0.62183756 0.90062374

other transformed translation: 0.90062374 -0.07344859 0.62183756


original rotation inverse:
0.1412884   0.88434263 -0.4449446 
0.9897943  -0.11776046  0.08024787
0.01856973 -0.45174172 -0.89195548

original rotation:
0.1412884   0.9897943   0.01856973
0.88434263 -0.11776046 -0.45174172
-0.4449446   0.08024787 -0.89195548

transformed translation: 0.80907727 -0.08301163 0.63111515






---------------- Camera 2 -------------------
intrinsic matrix
[[380.63585606   0.         461.90861297]
 [  0.         178.29374297 198.17118965]
 [  0.           0.           1.        ]]

original (no inverse, etc.)
[[-0.40809906 0.7181324 0.28814347]
 [ 0.84672697 -0.52512132 -0.08544615]
 [-0.49247687 -0.71284136 -0.49932328]
 [ 0.20129575  0.46487074 -0.8621921 ]]


transformed (swapped translation axes and inverted rotation)
[[ 0.28814347 -0.40809906 -0.7181324 ]
 [ 0.84672697 -0.49247687  0.20129575]
 [-0.52512132 -0.71284136  0.46487074]
 [-0.08544615 -0.49932328 -0.8621921 ]]


---------------- Camera 3 -------------------
intrinsic matrix
[[649.57096178   0.         457.11976234]
 [  0.         663.00061084 152.29157712]
 [  0.           0.           1.        ]]

original (no inverse, etc.)
[[-0.72908683 0.22555401 0.58473228]
 [ 0.99917824 -0.03999307 -0.00658785]
 [-0.02311034 -0.42860501 -0.90319635]
 [ 0.03329801  0.90260639 -0.42917706]]


transformed (swapped translation axes and inverted rotation)
[[ 0.58473228 -0.72908683 -0.22555401]
 [ 0.99917824 -0.02311034  0.03329801]
 [-0.03999307 -0.42860501  0.90260639]
 [-0.00658785 -0.90319635 -0.42917706]]


---------------- Camera 4 -------------------
intrinsic  matrix
[[737.82463021   0.         427.86304115]
 [  0.         785.90132524 254.95965558]
 [  0.           0.           1.        ]]

original (no inverse, etc.)
[[-0.11003256 -0.37539895 1.42678077]
 [ 0.12177958  0.99156615  0.04434304]
 [ 0.68974423 -0.05241636 -0.72215332]
 [-0.71373849  0.11852888 -0.69031028]]


transformed (swapped translation axes and inverted rotation)
[[ 1.42678077 -0.11003256  0.37539895]
 [ 0.12177958  0.68974423 -0.71373849]
 [ 0.99156615 -0.05241636  0.11852888]
 [ 0.04434304 -0.72215332 -0.69031028]]


---------------- Camera 5 -------------------
intrinsic matrix
[[575.93878528   0.         416.79589781]
 [  0.         508.58394168 226.72657613]
 [  0.           0.           1.        ]]

original (no inverse, etc.)
[[0.76967579 0.21101432 0.26564051]
 [-0.89689291 -0.39821085 -0.19238304]
 [-0.07839365  0.57127681 -0.81700504]
 [ 0.43524424 -0.71768442 -0.54359133]]

transformed (swapped translation axes and inverted rotation)
[[ 0.26564051  0.76967579 -0.21101432]
 [-0.89689291 -0.07839365  0.43524424]
 [-0.39821085  0.57127681 -0.71768442]
 [-0.19238304 -0.81700504 -0.54359133]]